delay_usec offset_usec

26512      48877
30150      50823
26528      48923
30606      47123
27144      49684
27990      48634
32152      49530
27976      51198

25839      51754
27913      53165
26886      52830
27903      54147
26723      1054032
1029020      55594
42876      56786
28217      53948

27559      55579
25499      54546
27343      55345
28078      55132
27431      54692
26328      55127
25211      53816
28028      54011

41207      49479
27710      54599
24937      54097
30487      54499
43899      62574
26507      54458
28323      55878
27117      55284

30809      56884
29055      53269
29597      54862
194521      133675
55635      1069489
1042037      59350
140980      111292
34408      49654

151591      114684
167112      483542
186942      475452
27892      54869
28866      55502
27471      54175
26842      55149
25015      54110

28322      55644
28421      55796
26381      1055595
1034412      56839
31184      53796
30335      54602
28142      55792
27407      54972

28939      56297
25963      54581
28101      56274
25951      54776
26828      54905
26492      55181
26970      55029
24972      53876

27833      55413
28835      56133
25302      54118
27075      54767
30423      55970
28978      54931
33770      51604
26070      54500

27851      55423
29482      56319
25913      54716
43606      62660
26132      54014
30960      55485
30506      54349
29225      56308

26356      1054499
24080      1053479
1027422      54919
29903      50817
26649      54829
27912      55369
25814      53933
39514      61443

27202      54954
28933      55944
29342      55500
25451      54642
30375      56796
26745      55415
26249      55239
27584      54888

24647      54064
28842      54349
28358      54695
57864      37325
29538      56648
28944      56099
26090      54472
27538      55704

30797      54377
27199      54708
28477      55757
28624      55911
25682      54836
29794      56314
28683      1054841
1030595      56439

28624      55297
28754      54799
30324      56452
27172      55251
25315      54421
28815      55915
29245      55762
29569      55658

