delay_usec offset_usec

134      20
126      23
309      55
216      53
344      74
320      66
232      56
328      79

331      87
274      44
326      57
192      43
201      55
237      55
234      68
218      58

128      29
319      61
324      69
313      64
322      67
323      63
324      74
315      55

447      93
281      55
374      85
448      152
345      73
277      69
309      16
341      73

523      153
264      54
320      63
314      65
321      58
333      64
293      71
258      56

319      61
304      54
298      73
331      63
301      62
300      76
203      49
266      59

333      71
358      77
320      55
253      60
329      69
333      66
325      70
330      54

377      40
311      56
324      62
303      59
296      53
260      60
2637      1002
335      68

269      64
258      67
326      55
246      48
1057      162
246      35
282      66
294      71

323      62
304      71
297      50
320      63
294      63
288      72
316      60
283      60

321      70
302      52
291      77
292      73
313      60
291      67
291      59
323      59

315      84
290      72
324      73
325      58
221      50
353      76
258      48
304      47

315      63
355      71
331      64
326      62
286      63
319      63
301      53
290      43

360      72
303      58
220      53
325      56
342      69
267      62
325      63
309      63

320      57
279      57
325      79
315      59
306      51
266      51
553      3
325      68

