delay_seconds delay_fraction offset_seconds offset_fraction
0             67558971       1              449220153
0             81766891       1              458416956
1             124738190       0              478223226
0             72361433       0              453785412
0             75290037       0              452295236
0             93054288       0              462531471
0             97005646       0              454094293
0             71510346       0              452918114

0             91439380       0              463055929
0             87771084       0              458411141
0             77322116       0              454785974
0             68929621       0              450362174
0             81032869       0              456294222
0             304619936       0              524504413
0             80710252       0              454733451
0             66837384       0              450204826

